    maxTime = [1, 5, 9, 12, 14, 16, 16, 15, 13, 10, 8, 6, 4, 4, 3, 3, 2, 2, 1, 1, 1, 1, 1, 1];
    MVVLVA = {
      {0, 255, 198, 198, 198, 198, 255, 0}, 
      {0, 58,  74,  78,  78,  80,  34,  0}, 
      {0, 28,  56,  57,  72,  86,  23,  0}, 
      {0, 25,  54,  54,  70,  84,  23,  0}, 
      {0, 20,  30,  32,  52,  82,  20,  0}, 
      {0, 12,  15,  17,  20,  50,  10,  0}};

    pieceMaterialOpening = [100, 289, 297, 400, 975, 0, -100, -289, -297, -400, -975, 0];

    pieceMaterialEnding = [100, 290, 300, 465, 930, 0, -100, -290, -300, -465, -930, 0];

    PSTOpening = [
    -12, 70, -125, 70, 45, -94, 95, 52,
    0, -24, -87, -94, -58, -20, -20, -44,
    25, -8, -56, -49, -13, -8, -1, -17,
    14, 14, -60, -22, 12, -2, 4, -22, 
    31, 37, -30, 11, 56, 39, 39, -6,
    61, 80, 40, 83, 115, 127, 109, 17,
    127, 127, 83, 116, 127, 127, 127, 77,
    60, 126,-55, 120, 24, -115, -122, -9,

    -73, -83, -39, -45, -45, -32, -67, -48,
    -43, -26, -28, -39, -27, -1, -19, -39,
    -60, -21, -32, 15, 8, -36, -6, -36,
    -33, -4, -9, -20, 9, 19, 30, -33,
    -12, -9, 38, 45, 8, 61, 3, 23,
    21, 45, 61, 80, 99, 110, 59, 23,
    -37, -13, 36, 84, 63, 30, -45, -6,
    -76, -7, 22, 52, 68, -10, 20, -84,

    -23, 3, -47, -17, -17, -29, -1, -21,
    6, -21, 18, -22, -25, 9, -10, 5,
    -23, 19, 4, -13, -22, -5, 20, -4,
    -39, 2, -8, 6, 11, -16, 1, -16,
    -9,-13, 8, 22, 6, 13, -24, 3,
    -20, 6, 15, 25, 18, 31, 17, -6,
    -31, -21, 1, 3, 7, -10, -26, -29
    -64, -14, -34, -25, -2, -6, -2, -62,

    -15, 3, 6, 7, 5, 0, 49, 13,
    1, 19, 17, 16, 19, 25, 62, 49,
    -2, 17, 16, 16, 16, 23, 64, 49,
    -2, 15, 16, 18, 16, 24, 50, 45,
    -1, 17, 20, 21, 17, 25, 51, 44,
    13, 33, 40, 40, 46, 42, 72, 72,
    43, 60, 85, 90, 100, 100, 87, 105,
    76, 102, 119, 127, 127, 127, 127, 127,

    0, 0, 0, 0, 0, 0, 0, 0,
    0, 0, 0, 0, 0, 0, 0, 0,
    0, 0, 0, 0, 0, 0, 0, 0,
    0, 0, 0, 0, 0, 0, 0, 0,
    0, 0, 0, 0, 0, 0, 0, 0,
    0, 0, 0, 0, 0, 0, 0, 0,
    0, 0, 0, 0, 0, 0, 0, 0,
    0, 0, 0, 0, 0, 0, 0, 0,

    82, 67, 18, -37, -32, 13, 40, 47,
    86, 70, 41, -6, -1, 18, 47, 52,
    59, 61, 20, 20, 4, 8, 34, 35,
    41, 34, 23, 25, 12, 20, 21, 25,
    30, 34, 29, 28, 38, 27, 33, 20,
    50, 28, 27, 60, 60, 31, 29, -6,
    37, 12, 84, 104, 82, 39, 27, 15,
    21, 0, 51, 48, 32, 36, -14, 37];


    PSTEnding = [
    -32, 70, 18, 24, -69, -90, 45, -80,
    -55, -59, -89, -98, -50, -70, -29, -36,
    -56, -50, -94, -110, -59, -65,-26, -37,
    -35, -44, -68, -91, -56, -59, -20, -29,
    0, -11, -34, -58, -30, -38, 7, -2,
    65, 52, 28, 5, 34, 10, 50, 53,
    127, 127, 113, 96, 127, 113, 127, 123,
    -119, 104, -30, -100, 32, -85, 50, -60,

    -29, -18, -10, 3, 5, -7, -10, -23,
    -22, -11, 19, 8, 16, 14, -10, -18,
    1, -1, 7, 29, 29, 12, 7, 2,
    -10, 18, 25, 35, 22, 22, 17, 0,
    -17, 9, 16, 22, 27, 13, 15, -18,
    -21, -13, 6, 11, 2, -7, -15, -22,
    -26, -13, -14, -3, -11, -20, -16, -31,
    -34, -26, -16, -17, -24, -13, -37, -26,

    -22, -20, -16, -7, -2, -10, -7, -21,
    -18, -9, -9, 0, -3, -1, -12, -11,
    -5, -10, 7, 0, 6, 1, -3, -13,
    2, 1, 2, 16, 3, 3, -6, -7,
    -12, 1, 3, 2, 11, -6, -1, -17,
    -22, -3, -6, -3, -8, -3, -12, -19,
    -18, -12, -7, -12, -9, -11, -8, -23,
    -18, -15, -17, -12, -19, -15,-23, -11,

    18, 14, 8, 7, 6, 16, 4, 16,
    16, 13, 14, 14, 12, 13, -4, 2,
    19, 9, 11, 9, 9, 8, -9, 3, 17,
    13, 8, 12, 9, 2, -6, -1,
    18,  17, 16, 11, 5, 7, -1, 0,
    21, 13, 9, 13, 6, -1, -7, 0,
    20, 15, 15, 5, -4, -6, -5, -3,
    16,  2, 1, -6, -9, -7, -13, 0,

    0, 0, 0, 0, 0, 0, 0, 0,
    0, 0, 0, 0, 0, 0, 0, 0,
    0, 0, 0, 0, 0, 0, 0, 0,
    0, 0, 0, 0, 0, 0, 0, 0,
    0, 0, 0, 0, 0, 0, 0, 0,
    0, 0, 0, 0, 0, 0, 0, 0,
    0, 0, 0, 0, 0, 0, 0, 0,
    0, 0, 0, 0, 0, 0, 0, 0,

    -36, -28, -9, -9, -16, -22, -46, -51,
    -22, 0, 7, 13, 6, -1, -18, -34,
    -7, 11, 22, 20, 20, 15, 1, -17,
    6, 25, 24, 22, 21, 19, 16, -4,
    12, 35, 38, 35, 32, 35, 26, 4,
    13, 6, 41, 35, 32, 40, 38, 17,
    13, 47, 24, 20, 24, 28, 37, 9,
    18, 26, 15, 15, 19, 20, 31, 14];


    PSTScale = [47, 90, 73, 88, 0, 95, 47, 90, 73, 88, 0, 95, 0, 0, 0, 0]; //Last four have no effect

    phaseC = [0, 1, 1, 2, 5, 0, 0, 1, 1, 2, 5, 0, 0, 0, 0, 0]; //Last four have no effect